Model, type, depth, Train_RF, Test_RF, Train_SVM, Test_SVM, Train_NB, Text_NB, Homo1, Homo2
dgi_2_graph,dense,1,0.5453972257250945, 0.5048543689320388, 0.7011349306431274, 0.5922330097087378, 0.9930643127364439, 0.5388349514563107,0.7479193210601807,0.515967845916748
vgae_singular_graph,1,kl,0.5372005044136192, 0.5242718446601942, 1.0, 0.4854368932038835, 1.0, 0.5,0.515337347984314
dgi_2_graph,dense,2,0.5170239596469105, 0.5024271844660194, 0.8045397225725095, 0.7548543689320388, 0.998108448928121, 0.7038834951456311,0.7413619160652161,0.5138556361198425
vgae_singular_graph,2,kl,0.5744010088272383, 0.4975728155339806, 0.9735182849936949, 0.49271844660194175, 1.0, 0.4878640776699029,0.5122320055961609
dgi_2_graph,dense,3,0.5138713745271122, 0.49271844660194175, 0.8266078184110971, 0.5194174757281553, 1.0, 0.6407766990291263,0.7491961121559143,0.5149905681610107
vgae_singular_graph,3,kl,0.5271122320302648, 0.5072815533980582, 0.7477931904161412, 0.5145631067961165, 1.0, 0.5048543689320388,0.5164564847946167
dgi_2_graph,dense,1,0.5416141235813366, 0.5339805825242718, 0.7351828499369483, 0.6213592233009708, 0.9930643127364439, 0.6189320388349514,0.7372477650642395,0.5205391049385071
vgae_singular_graph,1,kl,0.5069356872635561, 0.49029126213592233, 1.0, 0.4830097087378641, 1.0, 0.47815533980582525,0.5170869827270508
dgi_2_graph,dense,2,0.5296343001261034, 0.5, 0.8638083228247163, 0.633495145631068, 0.9987389659520807, 0.5970873786407767,0.7433165311813354,0.5192307829856873
vgae_singular_graph,2,kl,0.5737704918032787, 0.49514563106796117, 0.969735182849937, 0.470873786407767, 1.0, 0.46116504854368934,0.5218946933746338
dgi_2_graph,dense,3,0.6261034047919294, 0.5606796116504854, 0.8720050441361917, 0.7087378640776699, 1.0, 0.5849514563106796,0.7457282543182373,0.519561767578125
vgae_singular_graph,3,kl,0.5453972257250945, 0.5145631067961165, 0.7622950819672131, 0.4854368932038835, 1.0, 0.5364077669902912,0.5207597613334656
dgi_2_graph,dense,1,0.5460277427490542, 0.529126213592233, 0.6387137452711223, 0.5970873786407767, 0.9968474148802018, 0.5655339805825242,0.7405580282211304,0.6788461804389954
vgae_singular_graph,1,kl,0.6664564943253468, 0.5825242718446602, 1.0, 0.49029126213592233, 1.0, 0.5970873786407767,0.6794136166572571
dgi_2_graph,dense,2,0.5384615384615384, 0.49514563106796117, 0.8562421185372006, 0.7257281553398058, 0.9993694829760403, 0.6140776699029126,0.7425441145896912,0.6778846383094788
vgae_singular_graph,2,kl,0.5649432534678437, 0.529126213592233, 0.9079445145018915, 0.6383495145631068, 1.0, 0.5169902912621359,0.6638398766517639
dgi_2_graph,dense,3,0.5176544766708702, 0.49514563106796117, 0.8669609079445145, 0.7597087378640777, 1.0, 0.5,0.7439312934875488,0.6698139905929565
vgae_singular_graph,3,kl,0.5807061790668349, 0.470873786407767, 0.9325346784363178, 0.5825242718446602, 1.0, 0.587378640776699,0.6700347065925598
dgi_2_graph,dense,1,0.5800756620428752, 0.5388349514563107, 0.6248423707440101, 0.5364077669902912, 0.9974779319041615, 0.5509708737864077,0.753467857837677,0.732771098613739
vgae_singular_graph,1,kl,0.832282471626734, 0.8179611650485437, 1.0, 0.5315533980582524, 0.9993694829760403, 0.7621359223300971,0.7385246157646179
dgi_2_graph,dense,2,0.5271122320302648, 0.5072815533980582, 0.8650693568726355, 0.837378640776699, 0.9993694829760403, 0.7087378640776699,0.7398644685745239,0.7430958151817322
vgae_singular_graph,2,kl,0.8354350567465322, 0.6116504854368932, 0.9798234552332913, 0.6019417475728155, 1.0, 0.5800970873786407,0.7460119724273682
dgi_2_graph,dense,3,0.5554854981084489, 0.5266990291262136, 0.9016393442622951, 0.7063106796116505, 1.0, 0.5558252427184466,0.735923707485199,0.7492906451225281
vgae_singular_graph,3,kl,0.6462799495586381, 0.33980582524271846, 0.9829760403530895, 0.5558252427184466, 0.9993694829760403, 0.6092233009708737,0.7512452602386475
dgi_2_graph,dense,1,0.5706179066834804, 0.5072815533980582, 0.6406052963430012, 0.5728155339805825, 0.9306431273644389, 0.587378640776699,0.7484552264213562,0.9703657031059265
vgae_singular_graph,1,kl,0.9281210592686002, 0.866504854368932, 1.0, 0.5145631067961165, 1.0, 0.9004854368932039,0.9749369621276855
dgi_2_graph,dense,2,0.5372005044136192, 0.5, 0.882093316519546, 0.7427184466019418, 1.0, 0.7233009708737864,0.741519570350647,0.975078821182251
vgae_singular_graph,2,kl,0.9905422446406053, 0.8446601941747572, 1.0, 0.8640776699029126, 1.0, 0.8495145631067961,0.9746847152709961
dgi_2_graph,dense,3,0.5498108448928121, 0.5825242718446602, 0.9640605296343001, 0.7912621359223301, 1.0, 0.558252427184466,0.7461380958557129,0.9738650918006897
vgae_singular_graph,3,kl,0.9911727616645649, 0.9320388349514563, 1.0, 0.9951456310679612, 1.0, 1.0,0.9751418828964233
dgi_2_graph,avg,1,0.8467843631778058, 0.8155339805825242, 1.0, 0.49271844660194175, 1.0, 0.8592233009708737,0.7452553510665894,0.5119325518608093
vgae_singular_graph,1,kl,0.5119798234552333, 0.4854368932038835, 1.0, 0.49271844660194175, 1.0, 0.4223300970873786,0.5177648067474365
dgi_2_graph,avg,2,0.8114754098360656, 0.7815533980582524, 0.9987389659520807, 0.7742718446601942, 1.0, 0.7742718446601942,0.7546815872192383,0.5163618922233582
vgae_singular_graph,2,kl,0.530264817150063, 0.44660194174757284, 0.9791929382093316, 0.5169902912621359, 1.0, 0.46601941747572817,0.5134773254394531
dgi_2_graph,avg,3,0.5435056746532156, 0.6019417475728155, 0.9665825977301387, 0.5800970873786407, 0.9993694829760403, 0.662621359223301,0.7422919273376465,0.5155580043792725
vgae_singular_graph,3,kl,0.5548549810844893, 0.5339805825242718, 0.7786885245901639, 0.5121359223300971, 1.0, 0.4878640776699029,0.5142024159431458
dgi_2_graph,avg,1,0.8455233291298865, 0.8276699029126213, 1.0, 0.4854368932038835, 1.0, 0.8737864077669902,0.7452553510665894,0.5229508280754089
vgae_singular_graph,1,kl,0.5390920554854981, 0.5097087378640777, 1.0, 0.4830097087378641, 1.0, 0.5169902912621359,0.5146752595901489
dgi_2_graph,avg,2,0.7881462799495587, 0.7378640776699029, 0.9993694829760403, 0.7354368932038835, 1.0, 0.7621359223300971,0.742150068283081,0.5163461565971375
vgae_singular_graph,2,kl,0.5340479192938209, 0.5194174757281553, 0.937578814627995, 0.49029126213592233, 1.0, 0.46359223300970875,0.5185529589653015
dgi_2_graph,avg,3,0.5617906683480454, 0.4320388349514563, 0.9514501891551072, 0.5266990291262136, 1.0, 0.7111650485436893,0.7449716329574585,0.5184426307678223
vgae_singular_graph,3,kl,0.5365699873896596, 0.4854368932038835, 0.7383354350567465, 0.4975728155339806, 1.0, 0.529126213592233,0.5169135928153992
dgi_2_graph,avg,1,0.8675914249684742, 0.8131067961165048, 1.0, 0.4854368932038835, 1.0, 0.8567961165048543,0.7375630736351013,0.6652427315711975
vgae_singular_graph,1,kl,0.6891551071878941, 0.6092233009708737, 1.0, 0.5169902912621359, 0.9993694829760403, 0.6092233009708737,0.6676544547080994
dgi_2_graph,avg,2,0.742749054224464, 0.7524271844660194, 0.9968474148802018, 0.8422330097087378, 1.0, 0.8398058252427184,0.7380359172821045,0.6818253397941589
vgae_singular_graph,2,kl,0.5769230769230769, 0.5946601941747572, 0.9432534678436317, 0.6796116504854369, 1.0, 0.5849514563106796,0.6732187867164612
dgi_2_graph,avg,3,0.8921815889029003, 0.8325242718446602, 0.9609079445145019, 0.837378640776699, 1.0, 0.8009708737864077,0.7494325637817383,0.6718158721923828
vgae_singular_graph,3,kl,0.5453972257250945, 0.5412621359223301, 0.905422446406053, 0.6650485436893204, 1.0, 0.5970873786407767,0.6709961891174316
dgi_2_graph,avg,1,0.9224464060529635, 0.9199029126213593, 1.0, 0.4854368932038835, 1.0, 0.912621359223301,0.7349621653556824,0.7451607584953308
vgae_singular_graph,1,kl,0.8127364438839849, 0.7135922330097088, 1.0, 0.5728155339805825, 1.0, 0.7111650485436893,0.7490384578704834
dgi_2_graph,avg,2,0.9306431273644389, 0.9247572815533981, 0.9993694829760403, 0.9247572815533981, 1.0, 0.9053398058252428,0.7413619160652161,0.7457755208015442
vgae_singular_graph,2,kl,0.6582597730138714, 0.5388349514563107, 0.9684741488020177, 0.6286407766990292, 1.0, 0.5606796116504854,0.7347887754440308
dgi_2_graph,avg,3,0.542875157629256, 0.5606796116504854, 0.9798234552332913, 0.8567961165048543, 1.0, 0.8422330097087378,0.7427332997322083,0.7409836053848267
vgae_singular_graph,3,kl,0.6261034047919294, 0.529126213592233, 0.9646910466582598, 0.8616504854368932, 1.0, 0.8009708737864077,0.7372950911521912
dgi_2_graph,avg,1,0.9104665825977302, 0.8883495145631068, 1.0, 0.4854368932038835, 1.0, 0.8859223300970874,0.7399590015411377,0.975315272808075
vgae_singular_graph,1,kl,0.9602774274905422, 0.8446601941747572, 1.0, 0.4854368932038835, 0.9993694829760403, 0.866504854368932,0.9750472903251648
dgi_2_graph,avg,2,0.8940731399747793, 0.8300970873786407, 1.0, 0.9441747572815534, 1.0, 0.9077669902912622,0.7358449101448059,0.9742276072502136
vgae_singular_graph,2,kl,0.9741488020176545, 0.9029126213592233, 0.9987389659520807, 0.912621359223301, 1.0, 0.8907766990291263,0.9749842286109924
dgi_2_graph,avg,3,0.9735182849936949, 0.9635922330097088, 1.0, 0.9368932038834952, 1.0, 0.9781553398058253,0.7387925386428833,0.9752837419509888
vgae_singular_graph,3,kl,0.9993694829760403, 0.9975728155339806, 1.0, 0.9975728155339806, 1.0, 0.9975728155339806,0.9747320413589478
dgi_2_graph,dense,1,0.5838587641866331, 0.5266990291262136, 0.8190416141235813, 0.6480582524271845, 1.0, 0.6432038834951457,0.7508196830749512,0.5175756812095642
vgae_singular_graph,1,kl,0.5245901639344263, 0.4854368932038835, 1.0, 0.48058252427184467, 1.0, 0.5679611650485437,0.5176229476928711
dgi_2_graph,dense,2,0.5220680958385876, 0.5145631067961165, 0.8688524590163934, 0.6577669902912622, 1.0, 0.6359223300970874,0.7397698760032654,0.5160939693450928
vgae_singular_graph,2,kl,0.5308953341740227, 0.47572815533980584, 0.9634300126103404, 0.4733009708737864, 1.0, 0.48058252427184467,0.5138241052627563
dgi_2_graph,dense,3,0.5435056746532156, 0.5048543689320388, 0.8297604035308953, 0.5655339805825242, 1.0, 0.5509708737864077,0.7458070516586304,0.5138241052627563
vgae_singular_graph,3,kl,0.5271122320302648, 0.49514563106796117, 0.7459016393442623, 0.5048543689320388, 1.0, 0.5242718446601942,0.5167086720466614
dgi_2_graph,dense,1,0.5334174022698613, 0.5509708737864077, 0.6292559899117276, 0.5339805825242718, 0.969735182849937, 0.5509708737864077,0.7396122217178345,0.52192622423172
vgae_singular_graph,1,kl,0.5233291298865069, 0.4878640776699029, 1.0, 0.4878640776699029, 1.0, 0.4538834951456311,0.5178593993186951
dgi_2_graph,dense,2,0.5365699873896596, 0.5, 0.787515762925599, 0.7766990291262136, 1.0, 0.7354368932038835,0.741834819316864,0.5248739123344421
vgae_singular_graph,2,kl,0.5277427490542245, 0.46116504854368934, 0.8883984867591425, 0.5339805825242718, 1.0, 0.5169902912621359,0.5183795690536499
dgi_2_graph,dense,3,0.5315258511979823, 0.49271844660194175, 0.873266078184111, 0.6893203883495146, 1.0, 0.5728155339805825,0.7436160445213318,0.5213114619255066
vgae_singular_graph,3,kl,0.5712484237074401, 0.5145631067961165, 0.7364438839848676, 0.5364077669902912, 0.9993694829760403, 0.5558252427184466,0.525630533695221
dgi_2_graph,dense,1,0.5819672131147541, 0.5388349514563107, 0.6494325346784363, 0.5728155339805825, 0.9911727616645649, 0.5631067961165048,0.7418190240859985,0.6660308837890625
vgae_singular_graph,1,kl,0.5630517023959647, 0.47815533980582525, 1.0, 0.5145631067961165, 1.0, 0.6043689320388349,0.6767654418945312
dgi_2_graph,dense,2,0.5271122320302648, 0.4830097087378641, 0.8335435056746532, 0.7815533980582524, 0.9993694829760403, 0.6650485436893204,0.7474936842918396,0.6716740131378174
vgae_singular_graph,2,kl,0.5649432534678437, 0.5800970873786407, 0.9501891551071879, 0.5558252427184466, 1.0, 0.5436893203883495,0.6744483113288879
dgi_2_graph,dense,3,0.5372005044136192, 0.4830097087378641, 0.9205548549810845, 0.5194174757281553, 1.0, 0.38349514563106796,0.7472257018089294,0.676103413105011
vgae_singular_graph,3,kl,0.5542244640605296, 0.41504854368932037, 0.8511979823455234, 0.42475728155339804, 1.0, 0.49271844660194175,0.671169638633728
dgi_2_graph,dense,1,0.5630517023959647, 0.5485436893203883, 0.7244640605296343, 0.6140776699029126, 0.9962168978562421, 0.6383495145631068,0.7502837181091309,0.7363492846488953
vgae_singular_graph,1,kl,0.7540983606557377, 0.5995145631067961, 1.0, 0.5679611650485437, 1.0, 0.7427184466019418,0.7487389445304871
dgi_2_graph,dense,2,0.5498108448928121, 0.5849514563106796, 0.8909205548549811, 0.6699029126213593, 1.0, 0.7014563106796117,0.7349148988723755,0.7430170178413391
vgae_singular_graph,2,kl,0.650063051702396, 0.5388349514563107, 0.9791929382093316, 0.6796116504854369, 1.0, 0.6237864077669902,0.7441992163658142
dgi_2_graph,dense,3,0.5958385876418664, 0.4854368932038835, 0.9041614123581336, 0.5242718446601942, 0.9993694829760403, 0.5194174757281553,0.7414565086364746,0.7442307472229004
vgae_singular_graph,3,kl,0.8663303909205549, 0.7063106796116505, 0.9791929382093316, 0.866504854368932, 1.0, 0.7864077669902912,0.742938220500946
dgi_2_graph,dense,1,0.585750315258512, 0.5121359223300971, 0.6336696090794451, 0.5606796116504854, 0.8631778058007566, 0.5946601941747572,0.7398014068603516,0.9706809520721436
vgae_singular_graph,1,kl,0.935687263556116, 0.866504854368932, 1.0, 0.49271844660194175, 1.0, 0.9199029126213593,0.9749054312705994
dgi_2_graph,dense,2,0.5346784363177806, 0.5, 0.873266078184111, 0.7402912621359223, 0.9993694829760403, 0.7330097087378641,0.7432062029838562,0.9744009971618652
vgae_singular_graph,2,kl,0.9861286254728878, 0.8592233009708737, 1.0, 0.8883495145631068, 1.0, 0.7961165048543689,0.9747162461280823
dgi_2_graph,dense,3,0.530264817150063, 0.5970873786407767, 0.9640605296343001, 0.5728155339805825, 1.0, 0.5315533980582524,0.7351198196411133,0.9759930372238159
vgae_singular_graph,3,kl,0.9987389659520807, 0.9927184466019418, 1.0, 0.9927184466019418, 1.0, 0.9902912621359223,0.9738335609436035
dgi_2_graph,avg,1,0.8461538461538461, 0.8325242718446602, 1.0, 0.4854368932038835, 1.0, 0.8543689320388349,0.744088888168335,0.5128940939903259
vgae_singular_graph,1,kl,0.5094577553593947, 0.49271844660194175, 1.0, 0.4854368932038835, 1.0, 0.5315533980582524,0.516125500202179
dgi_2_graph,avg,2,0.8190416141235813, 0.8155339805825242, 0.9949558638083228, 0.7985436893203883, 1.0, 0.8155339805825242,0.7458070516586304,0.5149747729301453
vgae_singular_graph,2,kl,0.5630517023959647, 0.4878640776699029, 0.9640605296343001, 0.5194174757281553, 0.9993694829760403, 0.5,0.5160939693450928
dgi_2_graph,avg,3,0.6368221941992434, 0.6480582524271845, 0.969735182849937, 0.6771844660194175, 1.0, 0.7063106796116505,0.7535151243209839,0.5178121328353882
vgae_singular_graph,3,kl,0.5290037831021438, 0.4975728155339806, 0.7503152585119798, 0.5048543689320388, 1.0, 0.4854368932038835,0.518884003162384
dgi_2_graph,avg,1,0.8549810844892812, 0.8543689320388349, 1.0, 0.49029126213592233, 0.9993694829760403, 0.8932038834951457,0.7379571199417114,0.5229035019874573
vgae_singular_graph,1,kl,0.5327868852459017, 0.46601941747572817, 1.0, 0.4854368932038835, 1.0, 0.5194174757281553,0.5198140144348145
dgi_2_graph,avg,2,0.6784363177805801, 0.5800970873786407, 0.9993694829760403, 0.6262135922330098, 1.0, 0.7135922330097088,0.7476828694343567,0.5219577550888062
vgae_singular_graph,2,kl,0.530264817150063, 0.4878640776699029, 0.9306431273644389, 0.5169902912621359, 0.9993694829760403, 0.5097087378640777,0.519246518611908
dgi_2_graph,avg,3,0.6437578814627994, 0.6043689320388349, 0.9672131147540983, 0.779126213592233, 1.0, 0.7427184466019418,0.7444671988487244,0.5240069627761841
vgae_singular_graph,3,kl,0.5390920554854981, 0.4878640776699029, 0.7559899117276166, 0.470873786407767, 1.0, 0.4975728155339806,0.5178121328353882
dgi_2_graph,avg,1,0.8965952080706179, 0.8689320388349514, 1.0, 0.4878640776699029, 1.0, 0.8810679611650486,0.7401008605957031,0.6764343976974487
vgae_singular_graph,1,kl,0.7717528373266078, 0.558252427184466, 1.0, 0.5024271844660194, 1.0, 0.5800970873786407,0.6712326407432556
dgi_2_graph,avg,2,0.6034047919293821, 0.5776699029126213, 1.0, 0.8203883495145631, 1.0, 0.808252427184466,0.7438839673995972,0.6693884134292603
vgae_singular_graph,2,kl,0.7648171500630517, 0.49514563106796117, 0.9350567465321563, 0.5121359223300971, 1.0, 0.5655339805825242,0.6766393184661865
dgi_2_graph,avg,3,0.7616645649432535, 0.6286407766990292, 0.9464060529634301, 0.7645631067961165, 1.0, 0.7645631067961165,0.7465479373931885,0.6667717695236206
vgae_singular_graph,3,kl,0.6002522068095839, 0.5, 0.9148802017654477, 0.5364077669902912, 1.0, 0.5121359223300971,0.6671342849731445
dgi_2_graph,avg,1,0.8385876418663304, 0.7839805825242718, 1.0, 0.4854368932038835, 1.0, 0.8543689320388349,0.7508669495582581,0.7438209056854248
vgae_singular_graph,1,kl,0.8537200504413619, 0.75, 1.0, 0.6043689320388349, 0.9993694829760403, 0.7257281553398058,0.7452396154403687
dgi_2_graph,avg,2,0.8266078184110971, 0.8033980582524272, 1.0, 0.8470873786407767, 1.0, 0.8810679611650486,0.7421028017997742,0.7545554637908936
vgae_singular_graph,2,kl,0.7717528373266078, 0.5097087378640777, 0.9854981084489282, 0.6699029126213593, 1.0, 0.6432038834951457,0.7413776516914368
dgi_2_graph,avg,3,0.8568726355611601, 0.8131067961165048, 0.9722572509457755, 0.866504854368932, 1.0, 0.7766990291262136,0.7489911913871765,0.7433322668075562
vgae_singular_graph,3,kl,0.8436317780580076, 0.5800970873786407, 0.9798234552332913, 0.7305825242718447, 1.0, 0.6747572815533981,0.7474779486656189
dgi_2_graph,avg,1,0.9527112232030265, 0.9344660194174758, 1.0, 0.4854368932038835, 1.0, 0.9150485436893204,0.7467370629310608,0.9755517244338989
vgae_singular_graph,1,kl,0.6941992433795713, 0.5388349514563107, 1.0, 0.4854368932038835, 1.0, 0.7257281553398058,0.9749054312705994
dgi_2_graph,avg,2,0.6141235813366961, 0.5461165048543689, 1.0, 0.8883495145631068, 1.0, 0.8883495145631068,0.7440258264541626,0.9746374487876892
vgae_singular_graph,2,kl,0.969735182849937, 0.6504854368932039, 0.9987389659520807, 0.7087378640776699, 1.0, 0.7427184466019418,0.9752994775772095
dgi_2_graph,avg,3,0.9501891551071879, 0.8859223300970874, 0.998108448928121, 0.9781553398058253, 1.0, 0.9563106796116505,0.7411097288131714,0.9678436517715454
vgae_singular_graph,3,kl,0.9791929382093316, 0.9466019417475728, 0.9974779319041615, 0.941747572815534, 1.0, 0.8737864077669902,0.9749211668968201
dgi_hetero_graph,None,3,0.5138713745271122, 0.5048543689320388, 0.7023959646910467, 0.7014563106796117, 1.0, 0.662621359223301,0.7440416216850281,0.5153058171272278
dgi_hetero_graph,None,3,0.5699873896595208, 0.5606796116504854, 0.7118537200504413, 0.6601941747572816, 1.0, 0.6432038834951457,0.7440416216850281,0.5197194218635559
dgi_hetero_graph,None,3,0.6847414880201765, 0.5946601941747572, 0.8764186633039092, 0.7766990291262136, 1.0, 0.7233009708737864,0.7440416216850281,0.6718158721923828
dgi_hetero_graph,None,3,0.7843631778058008, 0.7135922330097088, 0.914249684741488, 0.7742718446601942, 1.0, 0.8106796116504854,0.7440416216850281,0.7431431412696838
dgi_hetero_graph,None,3,0.9634300126103404, 0.9441747572815534, 0.9943253467843631, 0.9635922330097088, 0.9993694829760403, 0.9563106796116505,0.7440416216850281,0.9741488099098206
dgi_hetero_graph,None,3,0.5138713745271122, 0.5048543689320388, 0.7023959646910467, 0.7014563106796117, 1.0, 0.662621359223301,0.7440416216850281,0.5153058171272278
dgi_hetero_graph,None,3,0.5699873896595208, 0.5606796116504854, 0.7118537200504413, 0.6601941747572816, 1.0, 0.6432038834951457,0.7440416216850281,0.5197194218635559
dgi_hetero_graph,None,3,0.6847414880201765, 0.5946601941747572, 0.8764186633039092, 0.7766990291262136, 1.0, 0.7233009708737864,0.7440416216850281,0.6718158721923828
dgi_hetero_graph,None,3,0.7843631778058008, 0.7135922330097088, 0.914249684741488, 0.7742718446601942, 1.0, 0.8106796116504854,0.7440416216850281,0.7431431412696838
dgi_hetero_graph,None,3,0.9634300126103404, 0.9441747572815534, 0.9943253467843631, 0.9635922330097088, 0.9993694829760403, 0.9563106796116505,0.7440416216850281,0.9741488099098206
dgi_1_graph_1, 0.7812105926860026, 0.7621359223300971, 1.0, 0.4854368932038835, 1.0, 0.8470873786407767,0.7314470410346985,0.5124842524528503
dgi_1_graph_2, 0.6279949558638083, 0.5242718446601942, 1.0, 0.4854368932038835, 1.0, 0.6237864077669902,0.7314470410346985,0.5124842524528503
dgi_1_graph_1, 0.7005044136191677, 0.6019417475728155, 1.0, 0.4854368932038835, 1.0, 0.6067961165048543,0.7423549890518188,0.6079602837562561
dgi_1_graph_2, 0.7585119798234552, 0.6189320388349514, 1.0, 0.4854368932038835, 1.0, 0.6262135922330098,0.7423549890518188,0.6079602837562561
dgi_1_graph_1, 0.8064312736443884, 0.7645631067961165, 1.0, 0.4854368932038835, 0.9993694829760403, 0.8325242718446602,0.7430328130722046,0.7416771650314331
dgi_1_graph_2, 0.8379571248423707, 0.6990291262135923, 1.0, 0.4854368932038835, 1.0, 0.7548543689320388,0.7430328130722046,0.7416771650314331
dgi_1_graph_1, 0.880201765447667, 0.8640776699029126, 1.0, 0.4854368932038835, 1.0, 0.8276699029126213,0.7453814744949341,0.9829287528991699
dgi_1_graph_2, 0.8379571248423707, 0.7645631067961165, 1.0, 0.4854368932038835, 1.0, 0.8058252427184466,0.7453814744949341,0.9829287528991699
dgi_hetero_graph,dense,2,0.5517023959646911, 0.5461165048543689, 0.8467843631778058, 0.7815533980582524, 1.0, 0.7621359223300971,0.7440416216850281,0.5099779367446899
dgi_hetero_graph,dense,2,0.5517023959646911, 0.5461165048543689, 0.8467843631778058, 0.7815533980582524, 1.0, 0.7621359223300971,0.7440416216850281,0.5099779367446899
dgi_hetero_graph,dense,3,0.5081967213114754, 0.49271844660194175, 0.6752837326607818, 0.6019417475728155, 1.0, 0.616504854368932,0.7440416216850281,0.5099779367446899
dgi_hetero_graph,avg,2,0.5460277427490542, 0.5533980582524272, 0.8965952080706179, 0.8179611650485437, 1.0, 0.8009708737864077,0.7440416216850281,0.5099779367446899
dgi_hetero_graph,avg,3,0.5277427490542245, 0.5388349514563107, 0.6759142496847415, 0.6529126213592233, 1.0, 0.6237864077669902,0.7440416216850281,0.5099779367446899
dgi_hetero_graph,dense,2,0.6387137452711223, 0.5679611650485437, 0.8770491803278688, 0.8131067961165048, 1.0, 0.7815533980582524,0.7440416216850281,0.5153058171272278
dgi_hetero_graph,dense,3,0.5825977301387137, 0.5558252427184466, 0.7030264817150063, 0.6868932038834952, 0.9993694829760403, 0.6747572815533981,0.7440416216850281,0.5153058171272278
dgi_hetero_graph,avg,2,0.5460277427490542, 0.5412621359223301, 0.8909205548549811, 0.837378640776699, 1.0, 0.7839805825242718,0.7440416216850281,0.5153058171272278
dgi_hetero_graph,avg,3,0.5138713745271122, 0.5048543689320388, 0.7023959646910467, 0.7014563106796117, 1.0, 0.662621359223301,0.7440416216850281,0.5153058171272278
dgi_hetero_graph,dense,2,0.5182849936948297, 0.4878640776699029, 0.8549810844892812, 0.7961165048543689, 1.0, 0.7475728155339806,0.7440416216850281,0.5197194218635559
dgi_hetero_graph,dense,3,0.5157629255989912, 0.4830097087378641, 0.7055485498108449, 0.6699029126213593, 1.0, 0.662621359223301,0.7440416216850281,0.5197194218635559
dgi_hetero_graph,avg,2,0.7944514501891551, 0.7912621359223301, 0.8877679697351829, 0.8252427184466019, 1.0, 0.8300970873786407,0.7440416216850281,0.5197194218635559
dgi_hetero_graph,avg,3,0.5699873896595208, 0.5606796116504854, 0.7118537200504413, 0.6601941747572816, 1.0, 0.6432038834951457,0.7440416216850281,0.5197194218635559
dgi_hetero_graph,dense,2,0.7799495586380832, 0.7427184466019418, 0.9199243379571248, 0.9271844660194175, 1.0, 0.8810679611650486,0.7440416216850281,0.6718158721923828
dgi_hetero_graph,dense,3,0.6021437578814628, 0.5849514563106796, 0.8663303909205549, 0.8300970873786407, 1.0, 0.8252427184466019,0.7440416216850281,0.6718158721923828
dgi_hetero_graph,avg,2,0.733921815889029, 0.6310679611650486, 0.9514501891551072, 0.9053398058252428, 1.0, 0.8883495145631068,0.7440416216850281,0.6718158721923828
dgi_hetero_graph,avg,3,0.6847414880201765, 0.5946601941747572, 0.8764186633039092, 0.7766990291262136, 1.0, 0.7233009708737864,0.7440416216850281,0.6718158721923828
dgi_hetero_graph,dense,2,0.5233291298865069, 0.5339805825242718, 0.9287515762925599, 0.8762135922330098, 0.9993694829760403, 0.8640776699029126,0.7440416216850281,0.7431431412696838
dgi_hetero_graph,dense,3,0.691046658259773, 0.6407766990291263, 0.9293820933165196, 0.8543689320388349, 1.0, 0.8932038834951457,0.7440416216850281,0.7431431412696838
dgi_hetero_graph,avg,2,0.7849936948297604, 0.7936893203883495, 0.9476670870113493, 0.8713592233009708, 0.9993694829760403, 0.8616504854368932,0.7440416216850281,0.7431431412696838
dgi_hetero_graph,avg,3,0.7843631778058008, 0.7135922330097088, 0.914249684741488, 0.7742718446601942, 1.0, 0.8106796116504854,0.7440416216850281,0.7431431412696838
dgi_hetero_graph,dense,2,0.849936948297604, 0.8276699029126213, 0.9930643127364439, 0.9781553398058253, 1.0, 0.9393203883495146,0.7440416216850281,0.95102459192276
dgi_hetero_graph,dense,3,0.9174022698612863, 0.8252427184466019, 0.9918032786885246, 0.9490291262135923, 1.0, 0.9174757281553398,0.7440416216850281,0.95102459192276
dgi_hetero_graph,avg,2,0.9243379571248423, 0.8907766990291263, 0.9918032786885246, 0.9538834951456311, 1.0, 0.9368932038834952,0.7440416216850281,0.95102459192276
dgi_hetero_graph,avg,3,0.9482976040353089, 0.8883495145631068, 0.9974779319041615, 0.9805825242718447, 1.0, 0.9733009708737864,0.7440416216850281,0.95102459192276
dgi_hetero_graph,dense,2,0.5573770491803278, 0.5679611650485437, 0.9924337957124842, 0.9805825242718447, 1.0, 0.9660194174757282,0.7440416216850281,0.9741488099098206
dgi_hetero_graph,dense,3,0.9659520807061791, 0.9563106796116505, 0.9962168978562421, 0.9805825242718447, 1.0, 0.9878640776699029,0.7440416216850281,0.9741488099098206
dgi_hetero_graph,avg,2,0.9520807061790668, 0.9247572815533981, 0.9955863808322825, 0.9635922330097088, 1.0, 0.9611650485436893,0.7440416216850281,0.9741488099098206
dgi_hetero_graph,avg,3,0.9634300126103404, 0.9441747572815534, 0.9943253467843631, 0.9635922330097088, 0.9993694829760403, 0.9563106796116505,0.7440416216850281,0.9741488099098206
dgi_hetero_graph,dense,2,0.5517023959646911, 0.5461165048543689, 0.8467843631778058, 0.7815533980582524, 1.0, 0.7621359223300971,0.7440416216850281,0.5099779367446899
dgi_hetero_graph,dense,3,0.5081967213114754, 0.49271844660194175, 0.6752837326607818, 0.6019417475728155, 1.0, 0.616504854368932,0.7440416216850281,0.5099779367446899
dgi_hetero_graph,avg,2,0.5460277427490542, 0.5533980582524272, 0.8965952080706179, 0.8179611650485437, 1.0, 0.8009708737864077,0.7440416216850281,0.5099779367446899
dgi_hetero_graph,avg,3,0.5277427490542245, 0.5388349514563107, 0.6759142496847415, 0.6529126213592233, 1.0, 0.6237864077669902,0.7440416216850281,0.5099779367446899
dgi_hetero_graph,dense,2,0.6387137452711223, 0.5679611650485437, 0.8770491803278688, 0.8131067961165048, 1.0, 0.7815533980582524,0.7440416216850281,0.5153058171272278